24333782
24333784
24333785
24333786
24333787
24333788
24333789
24333790
24333791
24333792
24333793
24333794
24333795
24333796
24333797
24333798
24333799
24333800
24333803
24333804
24333805
24333806
24333807
24333808
24333809
24333811
24333812
24333813
24333814
24333815
24333816
24333818
24333819
24333820
24333821
24333822
24333823
24333824
24333825
24333826
24333827
24333828
24333829
24333830
24333831
24333832
24333833
24333834
24333835
24333836
24333838
24333839
24333840
24333841
24333843
24333845
24333846
24333847
24333848
24333849
24333850
24333851
24333852
24333853
24333854
24333855
24333856
24333857
24333858
24333859
24333860
24333861
24333862
24333863
24333864
24333865
24333866
24333867
24333868
24333869
24333870
24333872
24333873
24333874
24333875
24333876
24333878
24333879
24333880
24333881
24333882
24333883
24333885
24333886
24333887
24333888
24333889
24333890
24333891
24333892
24333893
24333894
24333895
24333896
24333897
24333898
24333899
24333900
24333901
24333903
24333904
24333905
24333906
24333907
24333908
24333909
24333910
24333911
24333912
24333913
24333914
24333915
24333917
24333918
24333919
24333920
24333922
24333923
24333924
24333925
24333927
24333928
24333929
24333930
24333931
24333933
24333934
24333935
24333936
24333937
24333939
24333940
24333941
24333942
24333943
24333944
24333945
24333946
24333948
24333949
24333950
24333951
24333952
24333953
24333954
24333955
24333956
24333957
24333958
24333959
24333960
24333961
24333962
24333965
24333966
24333967
24333968
24333969
24333971
24333973
24333975
24333976
24333977
24333978
24333979
24333980
24333981
24333982
24333983
24333984
24333985
24333986
24333987
24333988
24333989
24333990
24333991
24333992
24333993
24333994
24333995
24333996
24333997
24333998
24333999
24334000
24334001
24334003
24334004
24334005
24334006
24334007
24334008
24334009
24334010
24334011
24334012
24334013
24334014
24334015
24334016
24334017
24334018
24334019
24334020
24334021
24334022
24334023
24334024
24334025
24334026
24334027
24334028
24334029
24334030
24334031
24334033
24334034
24334037
24334038
24334039
24334040
24334041
24334043
24334044
24334045
24334046
24334047
24334048
24334049
24334050
24334051
24334052
24334053
24334054
24334055
24334056
24334057
24334059
24334060
24334061
24334062
24334063
24334064
24334065
24334066
24334067
24334068
24334069
24334070
24334071
24334072
24334073
24334074
24334075
24334076
24334077
24334078
24334079
24334080
24334081
24334082
24334083
24334084
24334085
24334086
24334088
24334089
24334090
24334091
24334093
24334094
24334095
24334096
24334098
24334100
24334101
24334102
24334103
24334104
24334106
24334108
24334109
24334111
24334112
24334113
24334114
24334115
24334117
24334118
24334119
24334120
24334121
24334122
24334123
24334124
24334125
24334126
24334127
24334128
24334129
24334130
24334132
24334134
24334135
24334136
24334137
24334138
24334139
24334140
24334141
24334143
24334144
24334145
24334146
24334148
24334149
24334150
24334152
24334153
24334154
24334156
24334157
24334158
24334159
24334160
24334162
24334163
24334164
24334166
24334167
24334170
24334172
24334173
24334174
24334175
24334176
24334177
24334178
24334179
24334180
24334181
24334182
24334183
24334184
24334185
24334186
24334187
24334188
24334189
24334190
24334192
24334193
24334194
24334195
24334196
24334197
24334198
24334199
24334200
24334201
24334202
24334204
24334206
24334207
24334208
24334209
24334210
24334211
24334212
24334213
24334214
24334215
24334217
24334218
24334219
24334220
24334221
24334224
24334225
24334226
24334227
24334228
24334229
24334230
24334231
24334232
24334233
24334234
24334235
24334237
24334238
24334239
24334241
24334242
24334243
24334245
24334246
24334249
24334250
24334251
24334253
24334255
24334256
24334257
24334258
24334260
24334261
24334262
24334263
24334264
24334265
24334266
24334267
24334268
24334269
24334270
24334272
24334274
24334276
24334277
24334278
24334279
24334281
24334282
24334283
24334285
24334286
24334287
24334288
24334290
24334291
24334292
24334293
24334294
24334295
24334296
24334297
24334298
24334300
24334302
24334303
24334304
24334305
24334306
24334307
24334308
24334309
24334311
24334312
24334313
24334314
24334316
24334318
24334320
24334321
24334322
24334323
24334324
24334325
24334326
24334327
24334328
24334329
24334330
24334331
24334332
24334333
24334335
24334336
24334337
24334338
24334339
24334340
24334341
24334342
24334343
24334344
24334345
24334346
24334347
24334348
24334349
24334351
24334353
24334355
24334356
24334357
24334358
24334487
24334488
24334489
24334490
24334491
24334492
24334493
24334494
24334495
24334496
24334497
24334498
24334500
24334501
24334502
24334503
24334504
24334505
24334506
24334507
24334508
24334509
24334510
24334511
24334512
24334513
24334514
24334515
24334516
24334517
24334519
24334520
24334521
24334522
24334523
24334524
24334525
24334526
24334527
24334528
24334529
24334530
24334531
24334532
24334533
24334534
24334535
24334536
24334537
24334538
24334539
24334540
24334541
24334542
24334543
24334544
24334545
24334546
24334548
24334549
24334550
24334552
24334553
24334554
24334555
24334556
24334557
24334558
24334560
24334562
24334563
24334564
24334565
24334566
24334567
24334568
24334569
24334570
24334571
24334572
24334573
24334575
24334576
24334577
24334578
24334579
24334580
24334581
24334582
24334583
24334584
24334585
24334586
24334587
24334588
24334589
24334590
24334591
24334592
24334593
24334594
24334595
24334597
24334598
24334599
24334600
24334602
24334603
24334604
24334605
24334606
24334607
24334608
24334609
24334610
24334612
24334613
24334614
24334615
24334616
24334617
24334618
24334619
24334620
24334621
24334622
24334623
24334624
24334625
24334626
24334627
24334628
24334629
24334630
24334633
24334634
24334635
24334636
24334638
24334639
24334640
24334641
24334642
24334643
24334644
24334645
24334646
24334647
24334648
24334649
24334650
24334651
24334653
24334654
24334655
24334656
24334657
24334658
24334659
24334660
24334661
24334662
24334663
24334664
24334665
24334666
24334668
24334669
24334670
24334671
24334673
24334675
24334676
24334677
24334678
24334679
24334680
24334681
24334682
24334683
24334684
24334686
24334687
24334688
24334689
24334690
24334691
24334692
24334694
24334695
24334696
24334697
24334698
24334699
24334700
24334701
24334702
24334703
24334704
24334705
24334706
24334707
24334708
24334709
24334710
24334711
24334712
24334714
24334715
24334717
24334718
24334719
24334720
24334721
24334722
24334723
24334724
24334725
24334727
24334728
24334729
24334730
24334731
24334732
24334734
24334735
24334736
24334737
24334739
24334740
24334741
24334742
24334743
24334744
24334745
24334746
24334747
24334749
24334750
24334751
24334752
24334754
24334755
24334756
24334757
24334758
24334760
24334761
24334762
24334763
24334765
24334766
24334767
24334768
24334769
24334770
24334771
24334772
24334773
24334774
24334775
24334776
24334777
24334779
24334781
24334783
24334784
24334785
24334786
24334789
24334790
24334791
24334792
24334793
24334794
24334795
24334796
24334797
24334798
24334799
24334800
24334801
24334803
24334804
24334805
24334807
24334808
24334809
24334810
24334812
24334813
24334814
24334815
24334817
24334818
24334819
24334820
24334822
24334823
24334824
24334825
24334827
24334828
24334829
24334830
24334831
24334832
24334833
24334834
24334837
24334839
24334840
24334841
24334842
24334843
24334844
24334845
24334846
24334847
24334848
24334849
24334850
24334852
24334853
24334855
24334856
24334858
24334859
24334861
24334862
24334864
24334865
24334866
24334867
24334868
24334869
24334870
24334871
24334872
24334874
24334875
24334876
24334877
24334878
24334879
24334880
24334881
24334882
24334883
24334884
24334885
24334887
24334888
24334889
24334891
24334892
24334893
24334894
24334895
24334896
24334897
24334898
24334900
24334901
24334902
24334903
24334904
24334905
24334906
24334908
24334909
24334910
24334911
24334913
24334914
24334915
24334916
24334917
24334918
24334920
24334921
24334922
24334924
24334925
24334926
24334927
24334928
24334930
24334931
24334932
24334933
24334934
24334935
24334936
24334938
24334939
24334940
24334941
24334942
24334944
24334945
24334946
24334947
24334948
24334949
24334950
24334951
24334952
24334954
24334955
24334957
24334958
24334959
24334960
24334961
24334962
24334964
24334965
24334967
24334968
24334969
24334972
24334974
24334975
24334977
24334978
24334979
24334981
24334984
24334986
24334987
24334988
24334989
24334991
24334992
24334993
24334995
24334998
24335000
24335001
24335002
24335003
24335004
24335005
24335006
24335007
24335008
24335009
24335010
24335011
24335013
24335014
24335016
24335017
24335018
24335019
24335020
24335021
24335023
24335024
24335025
24335026
24335027
24335028
24335029
24335030
24335031
24335033
24335034
24335035
24335036
24335037
24335038
24335039
24335040
24335041
24335043
24335044
24335045
24335046
24335047
24335048
24335049
24335050
24335051
24335052
24335054
24335055
24335056
24335057
24335058
24335059
24335061
24335062
24335063
24335065
24335066
24335067
24335068
24335091
24335092
24335092
24335092